(kicad_pcb (version 20171130) (host pcbnew "(5.1.4-0-10_14)")

  (general
    (thickness 1)
    (drawings 36)
    (tracks 573)
    (zones 0)
    (modules 58)
    (nets 56)
  )

  (page A4)
  (title_block
    (title "Actuator Board")
    (date 2020-02-16)
    (rev A.1)
    (company "Club Vaudois de Robotique Autonome")
    (comment 1 "Michael Spieler, Salah Missri, Antoine Albertelli")
    (comment 2 Authors:)
  )

  (layers
    (0 F.Cu signal)
    (1 In1.Cu signal)
    (2 In2.Cu signal)
    (31 B.Cu signal)
    (32 B.Adhes user hide)
    (33 F.Adhes user hide)
    (34 B.Paste user hide)
    (35 F.Paste user)
    (36 B.SilkS user)
    (37 F.SilkS user)
    (38 B.Mask user hide)
    (39 F.Mask user)
    (40 Dwgs.User user)
    (41 Cmts.User user)
    (42 Eco1.User user hide)
    (43 Eco2.User user hide)
    (44 Edge.Cuts user)
    (45 Margin user hide)
    (46 B.CrtYd user)
    (47 F.CrtYd user)
    (48 B.Fab user hide)
    (49 F.Fab user hide)
  )

  (setup
    (last_trace_width 1)
    (user_trace_width 0.16)
    (user_trace_width 0.2)
    (user_trace_width 0.4)
    (user_trace_width 0.5)
    (user_trace_width 0.6)
    (user_trace_width 1)
    (trace_clearance 0.1524)
    (zone_clearance 0.25)
    (zone_45_only no)
    (trace_min 0.152)
    (via_size 0.5)
    (via_drill 0.2)
    (via_min_size 0.5)
    (via_min_drill 0.2)
    (user_via 0.5 0.2)
    (user_via 0.6 0.3)
    (uvia_size 0.3)
    (uvia_drill 0.1)
    (uvias_allowed no)
    (uvia_min_size 0.2)
    (uvia_min_drill 0.1)
    (edge_width 0.1)
    (segment_width 0.2)
    (pcb_text_width 0.3)
    (pcb_text_size 1.5 1.5)
    (mod_edge_width 0.15)
    (mod_text_size 1 1)
    (mod_text_width 0.15)
    (pad_size 1.524 1.524)
    (pad_drill 0.762)
    (pad_to_mask_clearance 0.05)
    (solder_mask_min_width 0.32)
    (pad_to_paste_clearance_ratio -0.05)
    (aux_axis_origin 0 0)
    (grid_origin 65.1 89.2)
    (visible_elements FFFFFF7F)
    (pcbplotparams
      (layerselection 0x010fc_ffffffff)
      (usegerberextensions false)
      (usegerberattributes false)
      (usegerberadvancedattributes false)
      (creategerberjobfile false)
      (excludeedgelayer true)
      (linewidth 0.100000)
      (plotframeref false)
      (viasonmask false)
      (mode 1)
      (useauxorigin false)
      (hpglpennumber 1)
      (hpglpenspeed 20)
      (hpglpendiameter 15.000000)
      (psnegative false)
      (psa4output false)
      (plotreference true)
      (plotvalue true)
      (plotinvisibletext false)
      (padsonsilk false)
      (subtractmaskfromsilk false)
      (outputformat 1)
      (mirror false)
      (drillshape 0)
      (scaleselection 1)
      (outputdirectory "gerber"))
  )

  (net 0 "")
  (net 1 VCC)
  (net 2 GND)
  (net 3 /RESET)
  (net 4 "Net-(C6-Pad1)")
  (net 5 "Net-(C7-Pad1)")
  (net 6 "Net-(C9-Pad1)")
  (net 7 /ANALOG1)
  (net 8 /ANALOG2)
  (net 9 "Net-(C13-Pad2)")
  (net 10 "Net-(C13-Pad1)")
  (net 11 "Net-(C15-Pad2)")
  (net 12 "Net-(C15-Pad1)")
  (net 13 "Net-(C17-Pad1)")
  (net 14 +BATT)
  (net 15 /SWIO)
  (net 16 /SWCK)
  (net 17 /UART1TX)
  (net 18 /UART1RX)
  (net 19 +5V)
  (net 20 /DIGITAL_INPUT1)
  (net 21 "Net-(D1-Pad2)")
  (net 22 "Net-(D3-Pad1)")
  (net 23 "Net-(D4-Pad1)")
  (net 24 "Net-(D5-Pad1)")
  (net 25 "Net-(D6-Pad1)")
  (net 26 /SERVO1)
  (net 27 /SERVO2)
  (net 28 /LED)
  (net 29 /PUMP_SOLENOID_ENABLE)
  (net 30 "Net-(R4-Pad2)")
  (net 31 "Net-(R5-Pad2)")
  (net 32 /SPI_MOSI)
  (net 33 /SPI_MISO)
  (net 34 /SPI_SCK)
  (net 35 /SPI_CS1)
  (net 36 /SPI_CS2)
  (net 37 /SOLENOID_IN1)
  (net 38 /SOLENOID_IN2)
  (net 39 /VACUUM_SENS_RESET)
  (net 40 /PUMP1)
  (net 41 /PUMP2)
  (net 42 /CAN_RX)
  (net 43 /CAN_TX)
  (net 44 "Net-(U4-Pad11)")
  (net 45 "Net-(U4-Pad5)")
  (net 46 "Net-(U4-Pad8)")
  (net 47 "Net-(U5-Pad8)")
  (net 48 "Net-(U5-Pad5)")
  (net 49 "Net-(U5-Pad11)")
  (net 50 "Net-(U6-Pad8)")
  (net 51 "Net-(U6-Pad14)")
  (net 52 "Net-(J2-Pad1)")
  (net 53 "Net-(J2-Pad3)")
  (net 54 "Net-(J7-Pad4)")
  (net 55 "Net-(J7-Pad3)")

  (net_class Default "This is the default net class."
    (clearance 0.1524)
    (trace_width 0.1524)
    (via_dia 0.5)
    (via_drill 0.2)
    (uvia_dia 0.3)
    (uvia_drill 0.1)
    (add_net +5V)
    (add_net +BATT)
    (add_net /ANALOG1)
    (add_net /ANALOG2)
    (add_net /CAN_RX)
    (add_net /CAN_TX)
    (add_net /DIGITAL_INPUT1)
    (add_net /LED)
    (add_net /PUMP1)
    (add_net /PUMP2)
    (add_net /PUMP_SOLENOID_ENABLE)
    (add_net /RESET)
    (add_net /SERVO1)
    (add_net /SERVO2)
    (add_net /SOLENOID_IN1)
    (add_net /SOLENOID_IN2)
    (add_net /SPI_CS1)
    (add_net /SPI_CS2)
    (add_net /SPI_MISO)
    (add_net /SPI_MOSI)
    (add_net /SPI_SCK)
    (add_net /SWCK)
    (add_net /SWIO)
    (add_net /UART1RX)
    (add_net /UART1TX)
    (add_net /VACUUM_SENS_RESET)
    (add_net GND)
    (add_net "Net-(C13-Pad1)")
    (add_net "Net-(C13-Pad2)")
    (add_net "Net-(C15-Pad1)")
    (add_net "Net-(C15-Pad2)")
    (add_net "Net-(C17-Pad1)")
    (add_net "Net-(C6-Pad1)")
    (add_net "Net-(C7-Pad1)")
    (add_net "Net-(C9-Pad1)")
    (add_net "Net-(D1-Pad2)")
    (add_net "Net-(D3-Pad1)")
    (add_net "Net-(D4-Pad1)")
    (add_net "Net-(D5-Pad1)")
    (add_net "Net-(D6-Pad1)")
    (add_net "Net-(J2-Pad1)")
    (add_net "Net-(J2-Pad3)")
    (add_net "Net-(J7-Pad3)")
    (add_net "Net-(J7-Pad4)")
    (add_net "Net-(R4-Pad2)")
    (add_net "Net-(R5-Pad2)")
    (add_net "Net-(U4-Pad11)")
    (add_net "Net-(U4-Pad5)")
    (add_net "Net-(U4-Pad8)")
    (add_net "Net-(U5-Pad11)")
    (add_net "Net-(U5-Pad5)")
    (add_net "Net-(U5-Pad8)")
    (add_net "Net-(U6-Pad14)")
    (add_net "Net-(U6-Pad8)")
    (add_net VCC)
  )

  (module _logo:CVRA-logo-small locked (layer B.Cu) (tedit 0) (tstamp 5E54B410)
    (at 56.2 69.9 270)
    (attr virtual)
    (fp_text reference G1 (at 0 0 90) (layer B.SilkS) hide
      (effects (font (size 1.524 1.524) (thickness 0.3)) (justify mirror))
    )
    (fp_text value LOGO (at 0.75 0 90) (layer B.SilkS) hide
      (effects (font (size 1.524 1.524) (thickness 0.3)) (justify mirror))
    )
    (fp_poly (pts (xy 0.095991 1.572681) (xy 0.181778 1.57267) (xy 0.259857 1.572646) (xy 0.330607 1.572607)
      (xy 0.394408 1.572548) (xy 0.451639 1.572465) (xy 0.502679 1.572356) (xy 0.547908 1.572215)
      (xy 0.587704 1.572039) (xy 0.622448 1.571826) (xy 0.652519 1.571569) (xy 0.678295 1.571267)
      (xy 0.700157 1.570915) (xy 0.718483 1.57051) (xy 0.733653 1.570047) (xy 0.746046 1.569523)
      (xy 0.756042 1.568934) (xy 0.764019 1.568277) (xy 0.770358 1.567547) (xy 0.775437 1.566742)
      (xy 0.779636 1.565856) (xy 0.783167 1.564934) (xy 0.830245 1.549509) (xy 0.870926 1.531229)
      (xy 0.907081 1.509079) (xy 0.940575 1.482045) (xy 0.947202 1.475884) (xy 0.958522 1.464904)
      (xy 0.968767 1.454294) (xy 0.978488 1.443238) (xy 0.988233 1.430922) (xy 0.998553 1.416528)
      (xy 1.009997 1.399243) (xy 1.023115 1.378249) (xy 1.038456 1.352732) (xy 1.056569 1.321876)
      (xy 1.078006 1.284866) (xy 1.090226 1.26365) (xy 1.111272 1.227079) (xy 1.134129 1.187373)
      (xy 1.157659 1.146508) (xy 1.180725 1.106458) (xy 1.20219 1.069198) (xy 1.220918 1.036701)
      (xy 1.225903 1.028056) (xy 1.286072 0.923694) (xy 0.957361 0.73421) (xy 0.908872 0.706261)
      (xy 0.862471 0.679518) (xy 0.818685 0.654285) (xy 0.778038 0.630865) (xy 0.741055 0.60956)
      (xy 0.708262 0.590672) (xy 0.680184 0.574503) (xy 0.657347 0.561357) (xy 0.640274 0.551536)
      (xy 0.629493 0.545343) (xy 0.625531 0.543082) (xy 0.621469 0.545235) (xy 0.613195 0.552382)
      (xy 0.602158 0.563217) (xy 0.596167 0.569494) (xy 0.546507 0.617303) (xy 0.490188 0.662112)
      (xy 0.428784 0.702889) (xy 0.36387 0.738603) (xy 0.297021 0.76822) (xy 0.287025 0.772036)
      (xy 0.209344 0.796596) (xy 0.129765 0.81314) (xy 0.04901 0.821702) (xy -0.0322 0.822318)
      (xy -0.113142 0.815021) (xy -0.193096 0.799847) (xy -0.271338 0.776831) (xy -0.347149 0.746006)
      (xy -0.357716 0.740978) (xy -0.423835 0.705388) (xy -0.484567 0.665048) (xy -0.541783 0.618612)
      (xy -0.5842 0.578283) (xy -0.598247 0.56426) (xy -0.610091 0.552778) (xy -0.618508 0.545001)
      (xy -0.622273 0.54209) (xy -0.6223 0.54209) (xy -0.626195 0.54419) (xy -0.636894 0.550229)
      (xy -0.653872 0.559906) (xy -0.676604 0.572918) (xy -0.704565 0.588966) (xy -0.737231 0.607747)
      (xy -0.774078 0.628959) (xy -0.814581 0.652301) (xy -0.858215 0.677471) (xy -0.904456 0.704168)
      (xy -0.950383 0.730705) (xy -0.998668 0.75863) (xy -1.044868 0.78538) (xy -1.088455 0.810646)
      (xy -1.128901 0.834121) (xy -1.165678 0.855498) (xy -1.198259 0.87447) (xy -1.226116 0.890729)
      (xy -1.248721 0.903968) (xy -1.265546 0.913879) (xy -1.276063 0.920155) (xy -1.279727 0.922468)
      (xy -1.278356 0.926704) (xy -1.273072 0.937504) (xy -1.264288 0.954154) (xy -1.252416 0.97594)
      (xy -1.23787 1.002148) (xy -1.221063 1.032064) (xy -1.202409 1.064973) (xy -1.18232 1.100163)
      (xy -1.161209 1.136919) (xy -1.139491 1.174528) (xy -1.117577 1.212274) (xy -1.095881 1.249445)
      (xy -1.074816 1.285326) (xy -1.054796 1.319204) (xy -1.036233 1.350364) (xy -1.01954 1.378093)
      (xy -1.005132 1.401677) (xy -0.99342 1.420401) (xy -0.984819 1.433552) (xy -0.980525 1.439494)
      (xy -0.944473 1.47764) (xy -0.902457 1.510648) (xy -0.85582 1.537659) (xy -0.805904 1.557811)
      (xy -0.7874 1.563219) (xy -0.751417 1.572684) (xy 0.002117 1.572684) (xy 0.095991 1.572681)) (layer B.SilkS) (width 0.01))
    (fp_poly (pts (xy 0.065156 0.544836) (xy 0.105125 0.539032) (xy 0.108939 0.538247) (xy 0.175259 0.520005)
      (xy 0.237774 0.49451) (xy 0.296007 0.462189) (xy 0.349484 0.423472) (xy 0.397726 0.378786)
      (xy 0.440259 0.328559) (xy 0.476606 0.273221) (xy 0.50629 0.213197) (xy 0.523978 0.1651)
      (xy 0.533581 0.132276) (xy 0.540396 0.102285) (xy 0.544803 0.072429) (xy 0.547183 0.040012)
      (xy 0.547918 0.002334) (xy 0.547909 -0.004233) (xy 0.546975 -0.044043) (xy 0.544183 -0.078387)
      (xy 0.539076 -0.110152) (xy 0.531198 -0.142221) (xy 0.520801 -0.175385) (xy 0.495374 -0.237702)
      (xy 0.46292 -0.295755) (xy 0.423987 -0.34906) (xy 0.379122 -0.397135) (xy 0.328874 -0.439499)
      (xy 0.27379 -0.475668) (xy 0.214419 -0.505161) (xy 0.151307 -0.527494) (xy 0.10916 -0.537818)
      (xy 0.074508 -0.543351) (xy 0.035925 -0.546964) (xy -0.003377 -0.54851) (xy -0.040191 -0.547842)
      (xy -0.064155 -0.545807) (xy -0.130283 -0.53349) (xy -0.193637 -0.513519) (xy -0.25364 -0.486362)
      (xy -0.309712 -0.452486) (xy -0.361274 -0.412358) (xy -0.407747 -0.366445) (xy -0.448552 -0.315214)
      (xy -0.483109 -0.259133) (xy -0.510841 -0.198668) (xy -0.517684 -0.179916) (xy -0.532444 -0.130415)
      (xy -0.541847 -0.082105) (xy -0.546444 -0.031619) (xy -0.547124 0) (xy -0.543446 0.064848)
      (xy -0.532645 0.128406) (xy -0.515073 0.189138) (xy -0.491081 0.245505) (xy -0.491056 0.245554)
      (xy -0.470803 0.281145) (xy -0.445602 0.318357) (xy -0.417622 0.354225) (xy -0.38903 0.385781)
      (xy -0.387465 0.38735) (xy -0.335772 0.433078) (xy -0.279775 0.471571) (xy -0.219781 0.502661)
      (xy -0.156099 0.526183) (xy -0.109785 0.537993) (xy -0.069875 0.544205) (xy -0.025386 0.547419)
      (xy 0.020638 0.54763) (xy 0.065156 0.544836)) (layer B.SilkS) (width 0.01))
    (fp_poly (pts (xy 1.444873 0.644084) (xy 1.451466 0.633856) (xy 1.461384 0.617702) (xy 1.474208 0.596346)
      (xy 1.489523 0.570512) (xy 1.506912 0.540925) (xy 1.525957 0.508309) (xy 1.546242 0.473389)
      (xy 1.567351 0.43689) (xy 1.588865 0.399535) (xy 1.61037 0.362049) (xy 1.631447 0.325157)
      (xy 1.65168 0.289583) (xy 1.670652 0.256051) (xy 1.687947 0.225287) (xy 1.703147 0.198014)
      (xy 1.715836 0.174958) (xy 1.725597 0.156842) (xy 1.732013 0.14439) (xy 1.733979 0.140185)
      (xy 1.750003 0.092571) (xy 1.759074 0.041859) (xy 1.761193 -0.010231) (xy 1.756359 -0.061976)
      (xy 1.744572 -0.111657) (xy 1.734023 -0.140083) (xy 1.730476 -0.147091) (xy 1.722951 -0.160949)
      (xy 1.71172 -0.181186) (xy 1.697056 -0.20733) (xy 1.679229 -0.238908) (xy 1.658513 -0.275448)
      (xy 1.635179 -0.316478) (xy 1.609498 -0.361526) (xy 1.581744 -0.410119) (xy 1.552187 -0.461786)
      (xy 1.521099 -0.516054) (xy 1.488753 -0.572451) (xy 1.45542 -0.630505) (xy 1.421373 -0.689744)
      (xy 1.386882 -0.749695) (xy 1.352221 -0.809886) (xy 1.31766 -0.869846) (xy 1.283473 -0.929101)
      (xy 1.24993 -0.98718) (xy 1.217304 -1.043611) (xy 1.185866 -1.097922) (xy 1.155889 -1.149639)
      (xy 1.127644 -1.198292) (xy 1.101403 -1.243407) (xy 1.077438 -1.284513) (xy 1.056022 -1.321138)
      (xy 1.037425 -1.352809) (xy 1.02192 -1.379054) (xy 1.009779 -1.399401) (xy 1.001273 -1.413378)
      (xy 0.996825 -1.420301) (xy 0.97074 -1.452214) (xy 0.938865 -1.482909) (xy 0.903445 -1.510592)
      (xy 0.866724 -1.533471) (xy 0.8382 -1.546998) (xy 0.826496 -1.551737) (xy 0.816243 -1.555847)
      (xy 0.806775 -1.559375) (xy 0.797423 -1.562369) (xy 0.78752 -1.564875) (xy 0.776398 -1.566941)
      (xy 0.763391 -1.568615) (xy 0.747829 -1.569943) (xy 0.729047 -1.570973) (xy 0.706375 -1.571753)
      (xy 0.679148 -1.572329) (xy 0.646696 -1.572749) (xy 0.608353 -1.573059) (xy 0.563451 -1.573309)
      (xy 0.511323 -1.573544) (xy 0.460375 -1.57377) (xy 0.156633 -1.575166) (xy 0.156633 -0.809757)
      (xy 0.200917 -0.79871) (xy 0.279815 -0.774745) (xy 0.355228 -0.743276) (xy 0.426708 -0.704704)
      (xy 0.493805 -0.659428) (xy 0.556072 -0.60785) (xy 0.613057 -0.550367) (xy 0.664314 -0.487382)
      (xy 0.709392 -0.419294) (xy 0.747844 -0.346503) (xy 0.771715 -0.289983) (xy 0.79182 -0.230917)
      (xy 0.806561 -0.172934) (xy 0.816343 -0.113738) (xy 0.821569 -0.05103) (xy 0.822744 0)
      (xy 0.822278 0.04223) (xy 0.820572 0.078644) (xy 0.8173 0.111842) (xy 0.812134 0.144428)
      (xy 0.804747 0.179001) (xy 0.795753 0.21463) (xy 0.790774 0.233717) (xy 0.786726 0.249869)
      (xy 0.784046 0.261292) (xy 0.783167 0.266084) (xy 0.786567 0.27016) (xy 0.795395 0.27665)
      (xy 0.805392 0.282774) (xy 0.817419 0.289657) (xy 0.834647 0.299568) (xy 0.854957 0.311284)
      (xy 0.876227 0.323584) (xy 0.880534 0.326078) (xy 0.903294 0.339253) (xy 0.931899 0.355793)
      (xy 0.965342 0.375117) (xy 1.002615 0.396645) (xy 1.042711 0.419794) (xy 1.084624 0.443986)
      (xy 1.127345 0.468637) (xy 1.169869 0.493168) (xy 1.211188 0.516997) (xy 1.250294 0.539543)
      (xy 1.286182 0.560225) (xy 1.317843 0.578462) (xy 1.344271 0.593674) (xy 1.364459 0.605278)
      (xy 1.36582 0.60606) (xy 1.388261 0.618838) (xy 1.408253 0.630025) (xy 1.424621 0.638979)
      (xy 1.436188 0.645058) (xy 1.441778 0.647619) (xy 1.44202 0.64766) (xy 1.444873 0.644084)) (layer B.SilkS) (width 0.01))
    (fp_poly (pts (xy -1.438384 0.648565) (xy -1.428076 0.642793) (xy -1.411814 0.633564) (xy -1.390287 0.621272)
      (xy -1.36418 0.60631) (xy -1.33418 0.589072) (xy -1.300975 0.56995) (xy -1.265251 0.549337)
      (xy -1.253067 0.542298) (xy -1.210104 0.517476) (xy -1.164049 0.490875) (xy -1.116482 0.463407)
      (xy -1.06898 0.435983) (xy -1.023122 0.409514) (xy -0.980487 0.384912) (xy -0.942653 0.363089)
      (xy -0.922867 0.35168) (xy -0.891363 0.333508) (xy -0.862228 0.316686) (xy -0.836261 0.301675)
      (xy -0.814262 0.288939) (xy -0.797028 0.278939) (xy -0.78536 0.272139) (xy -0.780056 0.269001)
      (xy -0.779824 0.268849) (xy -0.780434 0.264613) (xy -0.783034 0.25397) (xy -0.787184 0.238624)
      (xy -0.791403 0.223846) (xy -0.800949 0.188667) (xy -0.808175 0.155786) (xy -0.813419 0.122834)
      (xy -0.81702 0.087444) (xy -0.819318 0.047247) (xy -0.820123 0.023188) (xy -0.820312 -0.036599)
      (xy -0.8172 -0.090963) (xy -0.810448 -0.142415) (xy -0.799719 -0.193464) (xy -0.784673 -0.24662)
      (xy -0.783003 -0.251883) (xy -0.754436 -0.327611) (xy -0.718601 -0.399748) (xy -0.67601 -0.46782)
      (xy -0.627179 -0.531352) (xy -0.57262 -0.589871) (xy -0.512847 -0.642902) (xy -0.448375 -0.68997)
      (xy -0.379715 -0.730603) (xy -0.307383 -0.764326) (xy -0.231891 -0.790664) (xy -0.186586 -0.802432)
      (xy -0.156633 -0.809245) (xy -0.156633 -1.5748) (xy -0.447675 -1.574463) (xy -0.507525 -1.574361)
      (xy -0.559482 -1.574197) (xy -0.604122 -1.573959) (xy -0.642017 -1.573636) (xy -0.673743 -1.573216)
      (xy -0.699872 -1.572689) (xy -0.72098 -1.572044) (xy -0.737641 -1.571269) (xy -0.750428 -1.570352)
      (xy -0.759917 -1.569283) (xy -0.765755 -1.568261) (xy -0.821703 -1.552157) (xy -0.872773 -1.529235)
      (xy -0.918781 -1.499616) (xy -0.959546 -1.46342) (xy -0.994884 -1.420767) (xy -1.000011 -1.413368)
      (xy -1.004664 -1.405936) (xy -1.013223 -1.39168) (xy -1.025411 -1.371076) (xy -1.040956 -1.3446)
      (xy -1.059583 -1.312728) (xy -1.081018 -1.275937) (xy -1.104986 -1.234701) (xy -1.131215 -1.189498)
      (xy -1.159429 -1.140804) (xy -1.189355 -1.089093) (xy -1.220718 -1.034843) (xy -1.253244 -0.978529)
      (xy -1.286659 -0.920628) (xy -1.320689 -0.861615) (xy -1.35506 -0.801967) (xy -1.389498 -0.742159)
      (xy -1.423728 -0.682668) (xy -1.457477 -0.623969) (xy -1.490469 -0.566539) (xy -1.522432 -0.510854)
      (xy -1.553092 -0.457389) (xy -1.582173 -0.406621) (xy -1.609401 -0.359026) (xy -1.634504 -0.31508)
      (xy -1.657206 -0.275258) (xy -1.677233 -0.240038) (xy -1.694311 -0.209894) (xy -1.708167 -0.185304)
      (xy -1.718526 -0.166742) (xy -1.725113 -0.154686) (xy -1.727375 -0.150283) (xy -1.740537 -0.11912)
      (xy -1.749681 -0.08998) (xy -1.75535 -0.06017) (xy -1.758087 -0.026998) (xy -1.758526 0.004234)
      (xy -1.758099 0.029743) (xy -1.757039 0.049356) (xy -1.755031 0.065636) (xy -1.751755 0.081148)
      (xy -1.746896 0.098457) (xy -1.746846 0.098623) (xy -1.739986 0.119267) (xy -1.73193 0.140485)
      (xy -1.724192 0.158342) (xy -1.722643 0.161507) (xy -1.719184 0.16787) (xy -1.712049 0.180602)
      (xy -1.701665 0.198959) (xy -1.688461 0.222195) (xy -1.672863 0.249567) (xy -1.655299 0.280327)
      (xy -1.636198 0.313732) (xy -1.615985 0.349036) (xy -1.59509 0.385493) (xy -1.573939 0.42236)
      (xy -1.552961 0.45889) (xy -1.532582 0.494338) (xy -1.513231 0.52796) (xy -1.495335 0.55901)
      (xy -1.479321 0.586743) (xy -1.465617 0.610414) (xy -1.454651 0.629278) (xy -1.446851 0.642589)
      (xy -1.442643 0.649602) (xy -1.442052 0.650488) (xy -1.438384 0.648565)) (layer B.SilkS) (width 0.01))
  )

  (module Connector_Molex:Molex_PicoBlade_53261-0671_1x06-1MP_P1.25mm_Horizontal (layer F.Cu) (tedit 5B78AD89) (tstamp 5E533FC2)
    (at 50.9 92.2 270)
    (descr "Molex PicoBlade series connector, 53261-0671 (http://www.molex.com/pdm_docs/sd/532610271_sd.pdf), generated with kicad-footprint-generator")
    (tags "connector Molex PicoBlade top entry")
    (path /5E1FAFCF/5E47357A)
    (attr smd)
    (fp_text reference J2 (at -4.7 -2.6 90) (layer F.SilkS)
      (effects (font (size 0.7 0.7) (thickness 0.11)))
    )
    (fp_text value Conn_01x06 (at 0 3.8 90) (layer F.Fab)
      (effects (font (size 1 1) (thickness 0.15)))
    )
    (fp_line (start -4.625 -1.6) (end 4.625 -1.6) (layer F.Fab) (width 0.1))
    (fp_line (start -4.735 -1.26) (end -4.735 -1.71) (layer F.SilkS) (width 0.12))
    (fp_line (start -4.735 -1.71) (end -3.785 -1.71) (layer F.SilkS) (width 0.12))
    (fp_line (start -3.785 -1.71) (end -3.785 -3.2) (layer F.SilkS) (width 0.12))
    (fp_line (start 4.735 -1.26) (end 4.735 -1.71) (layer F.SilkS) (width 0.12))
    (fp_line (start 4.735 -1.71) (end 3.785 -1.71) (layer F.SilkS) (width 0.12))
    (fp_line (start -4.735 2.26) (end -4.735 2.71) (layer F.SilkS) (width 0.12))
    (fp_line (start -4.735 2.71) (end 4.735 2.71) (layer F.SilkS) (width 0.12))
    (fp_line (start 4.735 2.71) (end 4.735 2.26) (layer F.SilkS) (width 0.12))
    (fp_line (start -4.625 2.6) (end 4.625 2.6) (layer F.Fab) (width 0.1))
    (fp_line (start -4.625 -1.6) (end -4.625 2.6) (layer F.Fab) (width 0.1))
    (fp_line (start 4.625 -1.6) (end 4.625 2.6) (layer F.Fab) (width 0.1))
    (fp_line (start -4.625 -0.6) (end -6.125 -0.6) (layer F.Fab) (width 0.1))
    (fp_line (start -6.125 -0.6) (end -6.325 -0.4) (layer F.Fab) (width 0.1))
    (fp_line (start -6.325 -0.4) (end -6.325 1.4) (layer F.Fab) (width 0.1))
    (fp_line (start -6.325 1.4) (end -6.125 1.6) (layer F.Fab) (width 0.1))
    (fp_line (start -6.125 1.6) (end -6.125 2.2) (layer F.Fab) (width 0.1))
    (fp_line (start -6.125 2.2) (end -4.625 2.2) (layer F.Fab) (width 0.1))
    (fp_line (start 4.625 -0.6) (end 6.125 -0.6) (layer F.Fab) (width 0.1))
    (fp_line (start 6.125 -0.6) (end 6.325 -0.4) (layer F.Fab) (width 0.1))
    (fp_line (start 6.325 -0.4) (end 6.325 1.4) (layer F.Fab) (width 0.1))
    (fp_line (start 6.325 1.4) (end 6.125 1.6) (layer F.Fab) (width 0.1))
    (fp_line (start 6.125 1.6) (end 6.125 2.2) (layer F.Fab) (width 0.1))
    (fp_line (start 6.125 2.2) (end 4.625 2.2) (layer F.Fab) (width 0.1))
    (fp_line (start -7.22 -3.7) (end -7.22 3.1) (layer F.CrtYd) (width 0.05))
    (fp_line (start -7.22 3.1) (end 7.22 3.1) (layer F.CrtYd) (width 0.05))
    (fp_line (start 7.22 3.1) (end 7.22 -3.7) (layer F.CrtYd) (width 0.05))
    (fp_line (start 7.22 -3.7) (end -7.22 -3.7) (layer F.CrtYd) (width 0.05))
    (fp_line (start -3.625 -1.6) (end -3.125 -0.892893) (layer F.Fab) (width 0.1))
    (fp_line (start -3.125 -0.892893) (end -2.625 -1.6) (layer F.Fab) (width 0.1))
    (fp_text user %R (at 0 1.9 90) (layer F.Fab)
      (effects (font (size 1 1) (thickness 0.15)))
    )
    (pad 1 smd roundrect (at -3.125 -2.4 270) (size 0.8 1.6) (layers F.Cu F.Paste F.Mask) (roundrect_rratio 0.25)
      (net 52 "Net-(J2-Pad1)"))
    (pad 2 smd roundrect (at -1.875 -2.4 270) (size 0.8 1.6) (layers F.Cu F.Paste F.Mask) (roundrect_rratio 0.25)
      (net 2 GND))
    (pad 3 smd roundrect (at -0.625 -2.4 270) (size 0.8 1.6) (layers F.Cu F.Paste F.Mask) (roundrect_rratio 0.25)
      (net 53 "Net-(J2-Pad3)"))
    (pad 4 smd roundrect (at 0.625 -2.4 270) (size 0.8 1.6) (layers F.Cu F.Paste F.Mask) (roundrect_rratio 0.25)
      (net 2 GND))
    (pad 5 smd roundrect (at 1.875 -2.4 270) (size 0.8 1.6) (layers F.Cu F.Paste F.Mask) (roundrect_rratio 0.25)
      (net 20 /DIGITAL_INPUT1))
    (pad 6 smd roundrect (at 3.125 -2.4 270) (size 0.8 1.6) (layers F.Cu F.Paste F.Mask) (roundrect_rratio 0.25)
      (net 2 GND))
    (pad MP smd roundrect (at -5.675 0.5 270) (size 2.1 3) (layers F.Cu F.Paste F.Mask) (roundrect_rratio 0.119048))
    (pad MP smd roundrect (at 5.675 0.5 270) (size 2.1 3) (layers F.Cu F.Paste F.Mask) (roundrect_rratio 0.119048))
    (model ${KISYS3DMOD}/Connector_Molex.3dshapes/Molex_PicoBlade_53261-0671_1x06-1MP_P1.25mm_Horizontal.wrl
      (at (xyz 0 0 0))
      (scale (xyz 1 1 1))
      (rotate (xyz 0 0 0))
    )
  )

  (module Capacitor_SMD:C_0603_1608Metric (layer F.Cu) (tedit 5B301BBE) (tstamp 5E44F011)
    (at 64.5 93.3 180)
    (descr "Capacitor SMD 0603 (1608 Metric), square (rectangular) end terminal, IPC_7351 nominal, (Body size source: http://www.tortai-tech.com/upload/download/2011102023233369053.pdf), generated with kicad-footprint-generator")
    (tags capacitor)
    (path /56D628FF)
    (attr smd)
    (fp_text reference C1 (at 0 -1.2) (layer F.SilkS)
      (effects (font (size 0.7 0.7) (thickness 0.11)))
    )
    (fp_text value 1uF (at 0 1.43) (layer F.Fab)
      (effects (font (size 1 1) (thickness 0.15)))
    )
    (fp_line (start -0.8 0.4) (end -0.8 -0.4) (layer F.Fab) (width 0.1))
    (fp_line (start -0.8 -0.4) (end 0.8 -0.4) (layer F.Fab) (width 0.1))
    (fp_line (start 0.8 -0.4) (end 0.8 0.4) (layer F.Fab) (width 0.1))
    (fp_line (start 0.8 0.4) (end -0.8 0.4) (layer F.Fab) (width 0.1))
    (fp_line (start -0.162779 -0.51) (end 0.162779 -0.51) (layer F.SilkS) (width 0.12))
    (fp_line (start -0.162779 0.51) (end 0.162779 0.51) (layer F.SilkS) (width 0.12))
    (fp_line (start -1.48 0.73) (end -1.48 -0.73) (layer F.CrtYd) (width 0.05))
    (fp_line (start -1.48 -0.73) (end 1.48 -0.73) (layer F.CrtYd) (width 0.05))
    (fp_line (start 1.48 -0.73) (end 1.48 0.73) (layer F.CrtYd) (width 0.05))
    (fp_line (start 1.48 0.73) (end -1.48 0.73) (layer F.CrtYd) (width 0.05))
    (fp_text user %R (at 0 0) (layer F.Fab)
      (effects (font (size 0.4 0.4) (thickness 0.06)))
    )
    (pad 1 smd roundrect (at -0.7875 0 180) (size 0.875 0.95) (layers F.Cu F.Paste F.Mask) (roundrect_rratio 0.25)
      (net 1 VCC))
    (pad 2 smd roundrect (at 0.7875 0 180) (size 0.875 0.95) (layers F.Cu F.Paste F.Mask) (roundrect_rratio 0.25)
      (net 2 GND))
    (model ${KISYS3DMOD}/Capacitor_SMD.3dshapes/C_0603_1608Metric.wrl
      (at (xyz 0 0 0))
      (scale (xyz 1 1 1))
      (rotate (xyz 0 0 0))
    )
  )

  (module Capacitor_SMD:C_0603_1608Metric (layer F.Cu) (tedit 5B301BBE) (tstamp 5E521C9D)
    (at 56.5 76.1 270)
    (descr "Capacitor SMD 0603 (1608 Metric), square (rectangular) end terminal, IPC_7351 nominal, (Body size source: http://www.tortai-tech.com/upload/download/2011102023233369053.pdf), generated with kicad-footprint-generator")
    (tags capacitor)
    (path /56D60C22)
    (attr smd)
    (fp_text reference C9 (at 0 1.1 90) (layer F.SilkS)
      (effects (font (size 0.7 0.7) (thickness 0.11)))
    )
    (fp_text value 1uF (at 0 1.43 270) (layer F.Fab)
      (effects (font (size 1 1) (thickness 0.15)))
    )
    (fp_line (start -0.8 0.4) (end -0.8 -0.4) (layer F.Fab) (width 0.1))
    (fp_line (start -0.8 -0.4) (end 0.8 -0.4) (layer F.Fab) (width 0.1))
    (fp_line (start 0.8 -0.4) (end 0.8 0.4) (layer F.Fab) (width 0.1))
    (fp_line (start 0.8 0.4) (end -0.8 0.4) (layer F.Fab) (width 0.1))
    (fp_line (start -0.162779 -0.51) (end 0.162779 -0.51) (layer F.SilkS) (width 0.12))
    (fp_line (start -0.162779 0.51) (end 0.162779 0.51) (layer F.SilkS) (width 0.12))
    (fp_line (start -1.48 0.73) (end -1.48 -0.73) (layer F.CrtYd) (width 0.05))
    (fp_line (start -1.48 -0.73) (end 1.48 -0.73) (layer F.CrtYd) (width 0.05))
    (fp_line (start 1.48 -0.73) (end 1.48 0.73) (layer F.CrtYd) (width 0.05))
    (fp_line (start 1.48 0.73) (end -1.48 0.73) (layer F.CrtYd) (width 0.05))
    (fp_text user %R (at 0 0 270) (layer F.Fab)
      (effects (font (size 0.4 0.4) (thickness 0.06)))
    )
    (pad 1 smd roundrect (at -0.7875 0 270) (size 0.875 0.95) (layers F.Cu F.Paste F.Mask) (roundrect_rratio 0.25)
      (net 6 "Net-(C9-Pad1)"))
    (pad 2 smd roundrect (at 0.7875 0 270) (size 0.875 0.95) (layers F.Cu F.Paste F.Mask) (roundrect_rratio 0.25)
      (net 2 GND))
    (model ${KISYS3DMOD}/Capacitor_SMD.3dshapes/C_0603_1608Metric.wrl
      (at (xyz 0 0 0))
      (scale (xyz 1 1 1))
      (rotate (xyz 0 0 0))
    )
  )

  (module Capacitor_SMD:C_0603_1608Metric (layer F.Cu) (tedit 5B301BBE) (tstamp 5E44F09C)
    (at 61.9 76.3 270)
    (descr "Capacitor SMD 0603 (1608 Metric), square (rectangular) end terminal, IPC_7351 nominal, (Body size source: http://www.tortai-tech.com/upload/download/2011102023233369053.pdf), generated with kicad-footprint-generator")
    (tags capacitor)
    (path /56D60C4F)
    (attr smd)
    (fp_text reference C10 (at 2 -0.1) (layer F.SilkS)
      (effects (font (size 0.7 0.7) (thickness 0.11)))
    )
    (fp_text value 1uF (at 0 1.43 90) (layer F.Fab)
      (effects (font (size 1 1) (thickness 0.15)))
    )
    (fp_line (start -0.8 0.4) (end -0.8 -0.4) (layer F.Fab) (width 0.1))
    (fp_line (start -0.8 -0.4) (end 0.8 -0.4) (layer F.Fab) (width 0.1))
    (fp_line (start 0.8 -0.4) (end 0.8 0.4) (layer F.Fab) (width 0.1))
    (fp_line (start 0.8 0.4) (end -0.8 0.4) (layer F.Fab) (width 0.1))
    (fp_line (start -0.162779 -0.51) (end 0.162779 -0.51) (layer F.SilkS) (width 0.12))
    (fp_line (start -0.162779 0.51) (end 0.162779 0.51) (layer F.SilkS) (width 0.12))
    (fp_line (start -1.48 0.73) (end -1.48 -0.73) (layer F.CrtYd) (width 0.05))
    (fp_line (start -1.48 -0.73) (end 1.48 -0.73) (layer F.CrtYd) (width 0.05))
    (fp_line (start 1.48 -0.73) (end 1.48 0.73) (layer F.CrtYd) (width 0.05))
    (fp_line (start 1.48 0.73) (end -1.48 0.73) (layer F.CrtYd) (width 0.05))
    (fp_text user %R (at 0 0 90) (layer F.Fab)
      (effects (font (size 0.4 0.4) (thickness 0.06)))
    )
    (pad 1 smd roundrect (at -0.7875 0 270) (size 0.875 0.95) (layers F.Cu F.Paste F.Mask) (roundrect_rratio 0.25)
      (net 1 VCC))
    (pad 2 smd roundrect (at 0.7875 0 270) (size 0.875 0.95) (layers F.Cu F.Paste F.Mask) (roundrect_rratio 0.25)
      (net 2 GND))
    (model ${KISYS3DMOD}/Capacitor_SMD.3dshapes/C_0603_1608Metric.wrl
      (at (xyz 0 0 0))
      (scale (xyz 1 1 1))
      (rotate (xyz 0 0 0))
    )
  )

  (module Capacitor_SMD:C_0603_1608Metric (layer F.Cu) (tedit 5B301BBE) (tstamp 5E528F90)
    (at 56.1 84.3 180)
    (descr "Capacitor SMD 0603 (1608 Metric), square (rectangular) end terminal, IPC_7351 nominal, (Body size source: http://www.tortai-tech.com/upload/download/2011102023233369053.pdf), generated with kicad-footprint-generator")
    (tags capacitor)
    (path /5E1FAFCF/5E30FCAA)
    (attr smd)
    (fp_text reference C11 (at -2.2 0 180) (layer F.SilkS)
      (effects (font (size 0.7 0.7) (thickness 0.11)))
    )
    (fp_text value 0.1uF (at 0 1.43) (layer F.Fab)
      (effects (font (size 1 1) (thickness 0.15)))
    )
    (fp_text user %R (at 0 0) (layer F.Fab)
      (effects (font (size 0.4 0.4) (thickness 0.06)))
    )
    (fp_line (start 1.48 0.73) (end -1.48 0.73) (layer F.CrtYd) (width 0.05))
    (fp_line (start 1.48 -0.73) (end 1.48 0.73) (layer F.CrtYd) (width 0.05))
    (fp_line (start -1.48 -0.73) (end 1.48 -0.73) (layer F.CrtYd) (width 0.05))
    (fp_line (start -1.48 0.73) (end -1.48 -0.73) (layer F.CrtYd) (width 0.05))
    (fp_line (start -0.162779 0.51) (end 0.162779 0.51) (layer F.SilkS) (width 0.12))
    (fp_line (start -0.162779 -0.51) (end 0.162779 -0.51) (layer F.SilkS) (width 0.12))
    (fp_line (start 0.8 0.4) (end -0.8 0.4) (layer F.Fab) (width 0.1))
    (fp_line (start 0.8 -0.4) (end 0.8 0.4) (layer F.Fab) (width 0.1))
    (fp_line (start -0.8 -0.4) (end 0.8 -0.4) (layer F.Fab) (width 0.1))
    (fp_line (start -0.8 0.4) (end -0.8 -0.4) (layer F.Fab) (width 0.1))
    (pad 2 smd roundrect (at 0.7875 0 180) (size 0.875 0.95) (layers F.Cu F.Paste F.Mask) (roundrect_rratio 0.25)
      (net 2 GND))
    (pad 1 smd roundrect (at -0.7875 0 180) (size 0.875 0.95) (layers F.Cu F.Paste F.Mask) (roundrect_rratio 0.25)
      (net 7 /ANALOG1))
    (model ${KISYS3DMOD}/Capacitor_SMD.3dshapes/C_0603_1608Metric.wrl
      (at (xyz 0 0 0))
      (scale (xyz 1 1 1))
      (rotate (xyz 0 0 0))
    )
  )

  (module Capacitor_SMD:C_0603_1608Metric (layer F.Cu) (tedit 5B301BBE) (tstamp 5E4EFE5F)
    (at 56.1 88.5 180)
    (descr "Capacitor SMD 0603 (1608 Metric), square (rectangular) end terminal, IPC_7351 nominal, (Body size source: http://www.tortai-tech.com/upload/download/2011102023233369053.pdf), generated with kicad-footprint-generator")
    (tags capacitor)
    (path /5E1FAFCF/5E315BCA)
    (attr smd)
    (fp_text reference C12 (at -2.3 0) (layer F.SilkS)
      (effects (font (size 0.7 0.7) (thickness 0.11)))
    )
    (fp_text value 0.1uF (at 0 1.43) (layer F.Fab)
      (effects (font (size 1 1) (thickness 0.15)))
    )
    (fp_line (start -0.8 0.4) (end -0.8 -0.4) (layer F.Fab) (width 0.1))
    (fp_line (start -0.8 -0.4) (end 0.8 -0.4) (layer F.Fab) (width 0.1))
    (fp_line (start 0.8 -0.4) (end 0.8 0.4) (layer F.Fab) (width 0.1))
    (fp_line (start 0.8 0.4) (end -0.8 0.4) (layer F.Fab) (width 0.1))
    (fp_line (start -0.162779 -0.51) (end 0.162779 -0.51) (layer F.SilkS) (width 0.12))
    (fp_line (start -0.162779 0.51) (end 0.162779 0.51) (layer F.SilkS) (width 0.12))
    (fp_line (start -1.48 0.73) (end -1.48 -0.73) (layer F.CrtYd) (width 0.05))
    (fp_line (start -1.48 -0.73) (end 1.48 -0.73) (layer F.CrtYd) (width 0.05))
    (fp_line (start 1.48 -0.73) (end 1.48 0.73) (layer F.CrtYd) (width 0.05))
    (fp_line (start 1.48 0.73) (end -1.48 0.73) (layer F.CrtYd) (width 0.05))
    (fp_text user %R (at 0 0) (layer F.Fab)
      (effects (font (size 0.4 0.4) (thickness 0.06)))
    )
    (pad 1 smd roundrect (at -0.7875 0 180) (size 0.875 0.95) (layers F.Cu F.Paste F.Mask) (roundrect_rratio 0.25)
      (net 8 /ANALOG2))
    (pad 2 smd roundrect (at 0.7875 0 180) (size 0.875 0.95) (layers F.Cu F.Paste F.Mask) (roundrect_rratio 0.25)
      (net 2 GND))
    (model ${KISYS3DMOD}/Capacitor_SMD.3dshapes/C_0603_1608Metric.wrl
      (at (xyz 0 0 0))
      (scale (xyz 1 1 1))
      (rotate (xyz 0 0 0))
    )
  )

  (module Capacitor_SMD:C_0603_1608Metric (layer B.Cu) (tedit 5B301BBE) (tstamp 5E52B0CD)
    (at 54.9 96.9 270)
    (descr "Capacitor SMD 0603 (1608 Metric), square (rectangular) end terminal, IPC_7351 nominal, (Body size source: http://www.tortai-tech.com/upload/download/2011102023233369053.pdf), generated with kicad-footprint-generator")
    (tags capacitor)
    (path /5E1FAFCF/5E251FA3)
    (attr smd)
    (fp_text reference C13 (at 0 1.1 270) (layer B.SilkS)
      (effects (font (size 0.7 0.7) (thickness 0.11)) (justify mirror))
    )
    (fp_text value 1nF (at 0 -1.43 270) (layer B.Fab)
      (effects (font (size 1 1) (thickness 0.15)) (justify mirror))
    )
    (fp_text user %R (at 0 0 270) (layer B.Fab)
      (effects (font (size 0.4 0.4) (thickness 0.06)) (justify mirror))
    )
    (fp_line (start 1.48 -0.73) (end -1.48 -0.73) (layer B.CrtYd) (width 0.05))
    (fp_line (start 1.48 0.73) (end 1.48 -0.73) (layer B.CrtYd) (width 0.05))
    (fp_line (start -1.48 0.73) (end 1.48 0.73) (layer B.CrtYd) (width 0.05))
    (fp_line (start -1.48 -0.73) (end -1.48 0.73) (layer B.CrtYd) (width 0.05))
    (fp_line (start -0.162779 -0.51) (end 0.162779 -0.51) (layer B.SilkS) (width 0.12))
    (fp_line (start -0.162779 0.51) (end 0.162779 0.51) (layer B.SilkS) (width 0.12))
    (fp_line (start 0.8 -0.4) (end -0.8 -0.4) (layer B.Fab) (width 0.1))
    (fp_line (start 0.8 0.4) (end 0.8 -0.4) (layer B.Fab) (width 0.1))
    (fp_line (start -0.8 0.4) (end 0.8 0.4) (layer B.Fab) (width 0.1))
    (fp_line (start -0.8 -0.4) (end -0.8 0.4) (layer B.Fab) (width 0.1))
    (pad 2 smd roundrect (at 0.7875 0 270) (size 0.875 0.95) (layers B.Cu B.Paste B.Mask) (roundrect_rratio 0.25)
      (net 9 "Net-(C13-Pad2)"))
    (pad 1 smd roundrect (at -0.7875 0 270) (size 0.875 0.95) (layers B.Cu B.Paste B.Mask) (roundrect_rratio 0.25)
      (net 10 "Net-(C13-Pad1)"))
    (model ${KISYS3DMOD}/Capacitor_SMD.3dshapes/C_0603_1608Metric.wrl
      (at (xyz 0 0 0))
      (scale (xyz 1 1 1))
      (rotate (xyz 0 0 0))
    )
  )

  (module Capacitor_SMD:C_0603_1608Metric (layer B.Cu) (tedit 5B301BBE) (tstamp 5E45176B)
    (at 63.3 96.9 90)
    (descr "Capacitor SMD 0603 (1608 Metric), square (rectangular) end terminal, IPC_7351 nominal, (Body size source: http://www.tortai-tech.com/upload/download/2011102023233369053.pdf), generated with kicad-footprint-generator")
    (tags capacitor)
    (path /5E1FAFCF/5E250C7A)
    (attr smd)
    (fp_text reference C14 (at 0 1.2 270) (layer B.SilkS)
      (effects (font (size 0.7 0.7) (thickness 0.11)) (justify mirror))
    )
    (fp_text value 0.1uF (at 0 -1.43 270) (layer B.Fab)
      (effects (font (size 1 1) (thickness 0.15)) (justify mirror))
    )
    (fp_text user %R (at 0 0 270) (layer B.Fab)
      (effects (font (size 0.4 0.4) (thickness 0.06)) (justify mirror))
    )
    (fp_line (start 1.48 -0.73) (end -1.48 -0.73) (layer B.CrtYd) (width 0.05))
    (fp_line (start 1.48 0.73) (end 1.48 -0.73) (layer B.CrtYd) (width 0.05))
    (fp_line (start -1.48 0.73) (end 1.48 0.73) (layer B.CrtYd) (width 0.05))
    (fp_line (start -1.48 -0.73) (end -1.48 0.73) (layer B.CrtYd) (width 0.05))
    (fp_line (start -0.162779 -0.51) (end 0.162779 -0.51) (layer B.SilkS) (width 0.12))
    (fp_line (start -0.162779 0.51) (end 0.162779 0.51) (layer B.SilkS) (width 0.12))
    (fp_line (start 0.8 -0.4) (end -0.8 -0.4) (layer B.Fab) (width 0.1))
    (fp_line (start 0.8 0.4) (end 0.8 -0.4) (layer B.Fab) (width 0.1))
    (fp_line (start -0.8 0.4) (end 0.8 0.4) (layer B.Fab) (width 0.1))
    (fp_line (start -0.8 -0.4) (end -0.8 0.4) (layer B.Fab) (width 0.1))
    (pad 2 smd roundrect (at 0.7875 0 90) (size 0.875 0.95) (layers B.Cu B.Paste B.Mask) (roundrect_rratio 0.25)
      (net 1 VCC))
    (pad 1 smd roundrect (at -0.7875 0 90) (size 0.875 0.95) (layers B.Cu B.Paste B.Mask) (roundrect_rratio 0.25)
      (net 2 GND))
    (model ${KISYS3DMOD}/Capacitor_SMD.3dshapes/C_0603_1608Metric.wrl
      (at (xyz 0 0 0))
      (scale (xyz 1 1 1))
      (rotate (xyz 0 0 0))
    )
  )

  (module Capacitor_SMD:C_0603_1608Metric (layer F.Cu) (tedit 5B301BBE) (tstamp 5E44F0F1)
    (at 63.3 96.9 270)
    (descr "Capacitor SMD 0603 (1608 Metric), square (rectangular) end terminal, IPC_7351 nominal, (Body size source: http://www.tortai-tech.com/upload/download/2011102023233369053.pdf), generated with kicad-footprint-generator")
    (tags capacitor)
    (path /5E1FAFCF/5E43EDDE)
    (attr smd)
    (fp_text reference C15 (at 0 -1.2 90) (layer F.SilkS)
      (effects (font (size 0.7 0.7) (thickness 0.11)))
    )
    (fp_text value 1nF (at 0 1.43 90) (layer F.Fab)
      (effects (font (size 1 1) (thickness 0.15)))
    )
    (fp_text user %R (at 0 0 90) (layer F.Fab)
      (effects (font (size 0.4 0.4) (thickness 0.06)))
    )
    (fp_line (start 1.48 0.73) (end -1.48 0.73) (layer F.CrtYd) (width 0.05))
    (fp_line (start 1.48 -0.73) (end 1.48 0.73) (layer F.CrtYd) (width 0.05))
    (fp_line (start -1.48 -0.73) (end 1.48 -0.73) (layer F.CrtYd) (width 0.05))
    (fp_line (start -1.48 0.73) (end -1.48 -0.73) (layer F.CrtYd) (width 0.05))
    (fp_line (start -0.162779 0.51) (end 0.162779 0.51) (layer F.SilkS) (width 0.12))
    (fp_line (start -0.162779 -0.51) (end 0.162779 -0.51) (layer F.SilkS) (width 0.12))
    (fp_line (start 0.8 0.4) (end -0.8 0.4) (layer F.Fab) (width 0.1))
    (fp_line (start 0.8 -0.4) (end 0.8 0.4) (layer F.Fab) (width 0.1))
    (fp_line (start -0.8 -0.4) (end 0.8 -0.4) (layer F.Fab) (width 0.1))
    (fp_line (start -0.8 0.4) (end -0.8 -0.4) (layer F.Fab) (width 0.1))
    (pad 2 smd roundrect (at 0.7875 0 270) (size 0.875 0.95) (layers F.Cu F.Paste F.Mask) (roundrect_rratio 0.25)
      (net 11 "Net-(C15-Pad2)"))
    (pad 1 smd roundrect (at -0.7875 0 270) (size 0.875 0.95) (layers F.Cu F.Paste F.Mask) (roundrect_rratio 0.25)
      (net 12 "Net-(C15-Pad1)"))
    (model ${KISYS3DMOD}/Capacitor_SMD.3dshapes/C_0603_1608Metric.wrl
      (at (xyz 0 0 0))
      (scale (xyz 1 1 1))
      (rotate (xyz 0 0 0))
    )
  )

  (module Capacitor_SMD:C_0603_1608Metric (layer F.Cu) (tedit 5B301BBE) (tstamp 5E534D31)
    (at 54.9 97.9125 90)
    (descr "Capacitor SMD 0603 (1608 Metric), square (rectangular) end terminal, IPC_7351 nominal, (Body size source: http://www.tortai-tech.com/upload/download/2011102023233369053.pdf), generated with kicad-footprint-generator")
    (tags capacitor)
    (path /5E1FAFCF/5E43EDC4)
    (attr smd)
    (fp_text reference C16 (at 0 -1.1 90) (layer F.SilkS)
      (effects (font (size 0.7 0.7) (thickness 0.11)))
    )
    (fp_text value 0.1uF (at 0 1.43 90) (layer F.Fab)
      (effects (font (size 1 1) (thickness 0.15)))
    )
    (fp_line (start -0.8 0.4) (end -0.8 -0.4) (layer F.Fab) (width 0.1))
    (fp_line (start -0.8 -0.4) (end 0.8 -0.4) (layer F.Fab) (width 0.1))
    (fp_line (start 0.8 -0.4) (end 0.8 0.4) (layer F.Fab) (width 0.1))
    (fp_line (start 0.8 0.4) (end -0.8 0.4) (layer F.Fab) (width 0.1))
    (fp_line (start -0.162779 -0.51) (end 0.162779 -0.51) (layer F.SilkS) (width 0.12))
    (fp_line (start -0.162779 0.51) (end 0.162779 0.51) (layer F.SilkS) (width 0.12))
    (fp_line (start -1.48 0.73) (end -1.48 -0.73) (layer F.CrtYd) (width 0.05))
    (fp_line (start -1.48 -0.73) (end 1.48 -0.73) (layer F.CrtYd) (width 0.05))
    (fp_line (start 1.48 -0.73) (end 1.48 0.73) (layer F.CrtYd) (width 0.05))
    (fp_line (start 1.48 0.73) (end -1.48 0.73) (layer F.CrtYd) (width 0.05))
    (fp_text user %R (at 0 0 90) (layer F.Fab)
      (effects (font (size 0.4 0.4) (thickness 0.06)))
    )
    (pad 1 smd roundrect (at -0.7875 0 90) (size 0.875 0.95) (layers F.Cu F.Paste F.Mask) (roundrect_rratio 0.25)
      (net 2 GND))
